function DataIn = coding_source()

%Define binary sequence of message
DataIn = [1 0 0 0 0 0 1 1 0 1 1 0 1 0 1 0 1 0 1 0 1 1 1 1 0 0 1 0 1 0 1 1 0 0 1 0 ]; 
end

